((wlot point 48)
(x
0.023238992
0.039625011
0.0038904408
0.0037231678
0.023082376
0.0282337
0.0066498173
-0.016992796
-0.015713802
0.0070513468
0.028654536
-0.038561322
0.05166325
0.039496906
-0.017149795
-0.038692415
0.062588193
0.074076876
0.062312964
0.047182236
-0.016066499
-0.038486663
-0.059151135
-0.060667761
-0.060573824
-0.058933977
-0.038207173
0.047585152
0.088363431
0.07808423
0.061014142
0.038364593
0.012112603
-0.015399119
-0.041667424
-0.064029515
-0.078429386
-0.084667593
-0.08462549
-0.078326061
-0.063906282
-0.04151902
-0.01520342
0.01234686
0.038628817
0.061288953
0.078298435
0.088442095
)
(y
0.012552055
0.0096019292
0.014050691
-0.011924296
-0.0099196518
-0.03495745
-0.040186748
0.014310954
0.042885639
0.041916866
0.037210736
0.013721935
0.0013399966
-0.0067767473
-0.012933411
-0.013094011
0.015945315
0.0007684133
-0.013802839
-0.026204262
-0.04183514
-0.040366311
-0.037402585
-0.012951547
0.013077088
0.037436318
0.040795803
0.028640736
-0.011199976
-0.033687878
-0.053631656
-0.068367839
-0.076479711
-0.077306032
-0.071101166
-0.059332162
-0.040343635
-0.014181005
0.014165979
0.040301695
0.059318215
0.071248673
0.077723205
0.077201739
0.069332317
0.054674774
0.034579352
0.01181096
)
(z
0
0
0
0
0
0
0
0
0
0
0
0
0
0
0
0
0
0
0
0
0
0
0
0
0
0
0
0
0
0
0
0
0
0
0
0
0
0
0
0
0
0
0
0
0
0
0
0
)
(z-velocity
4.226902
4.2269526
4.2268863
4.2268796
4.2269001
4.2269859
4.2269821
4.2268987
4.2270155
4.2269173
4.2269225
4.2269444
4.2270107
4.226933
4.2268929
4.226954
4.2271876
4.2271986
4.2269979
4.2269683
4.2269216
4.2269821
4.2272191
4.2272029
4.2270069
4.2270279
4.2270446
4.2270298
4.2240162
4.2255182
4.226182
4.2265682
4.226788
4.2261109
4.2259202
4.225121
4.2251153
4.2263064
4.2254033
4.2245269
4.2251444
4.2263913
4.2267613
4.2261391
4.2261086
4.2261634
4.226006
4.2250333
)
)
